ID	 pred 	 actual 	 correct
4557	1964	1992	False
1922	1962	2008	False
1860	1965	2008	False
7864	1962	1962	True
2747	1964	2003	False
2025	1965	2007	False
4458	1961	1993	False
1401	1965	2011	False
1577	1964	2010	False
1337	1961	2011	False
8106	1962	1960	False
4858	1965	1991	False
659	1965	2015	False
1947	1963	2008	False
2364	1964	2005	False
6946	1962	1967	True
1204	1962	2012	False
3455	1965	1999	False
4970	1965	1990	False
3108	1961	2001	False
2234	1961	2006	False
6537	1962	1969	True
5043	1964	1990	False
4588	1964	1992	False
1687	1964	2009	False
7990	1962	1961	False
2929	1961	2002	False
6163	1965	1976	False
5999	1962	1980	False
3377	1961	2000	False
124	1965	2019	False
3619	1965	1998	False
2148	1965	2007	False
6056	1961	1977	False
1997	1965	2007	False
5919	1964	1983	False
8046	1962	1961	False
2338	1964	2005	False
6161	1965	1976	False
779	1964	2014	False
3688	1964	1998	False
5273	1964	1988	False
3703	1964	1998	False
7782	1962	1962	True
205	1961	2018	False
6069	1965	1977	False
4148	1961	1995	False
191	1961	2018	False
2271	1965	2006	False
7662	1962	1963	True
249	1965	2018	False
5172	1964	1989	False
2417	1960	2005	False
2014	1963	2007	False
2307	1961	2006	False
4040	1965	1996	False
6004	1962	1980	False
2943	1961	2002	False
6125	1961	1977	False
1617	1965	2009	False
2263	1961	2006	False
87	1960	2019	False
4402	1961	1994	False
719	1964	2015	False
496	1965	2016	False
3749	1961	1997	False
1474	1965	2010	False
2821	1964	2003	False
2054	1963	2007	False
1853	1965	2008	False
4793	1963	1991	False
915	1961	2013	False
2053	1964	2007	False
4581	1964	1992	False
2828	1965	2003	False
1016	1961	2013	False
4986	1965	1990	False
2094	1961	2007	False
2003	1961	2007	False
2469	1964	2005	False
8013	1965	1961	False
4956	1964	1990	False
139	1962	2019	False
251	1964	2018	False
5641	1961	1986	False
2498	1965	2005	False
886	1965	2014	False
1411	1964	2011	False
3701	1965	1998	False
129	1964	2019	False
760	1963	2014	False
4597	1965	1992	False
4594	1965	1992	False
2300	1960	2006	False
1365	1965	2011	False
2055	1961	2007	False
614	1961	2015	False
8156	1965	1960	False
1020	1964	2013	False
2629	1961	2004	False
7593	1962	1963	True
1945	1965	2008	False
469	1963	2016	False
1157	1964	2012	False
1798	1964	2008	False
3498	1964	1999	False
2853	1965	2003	False
2321	1965	2006	False
3336	1964	2000	False
3809	1960	1997	False
6675	1962	1968	True
7724	1962	1962	True
1941	1965	2008	False
5363	1965	1987	False
6570	1962	1969	True
397	1964	2016	False
4851	1962	1991	False
2656	1965	2004	False
4940	1964	1990	False
2602	1963	2004	False
3334	1961	2000	False
4909	1965	1990	False
1019	1965	2013	False
3238	1965	2000	False
1189	1964	2012	False
2790	1965	2003	False
7299	1965	1965	True
2811	1964	2003	False
1885	1965	2008	False
2187	1965	2006	False
4672	1964	1992	False
5658	1961	1986	False
1927	1965	2008	False
2258	1963	2006	False
4315	1965	1994	False
1172	1964	2012	False
1423	1965	2011	False
6466	1961	1970	True
4199	1961	1995	False
2583	1964	2004	False
7386	1965	1964	False
6900	1962	1967	True
8077	1962	1960	False
2169	1965	2006	False
3850	1963	1997	False
1571	1965	2010	False
3388	1965	2000	False
1315	1965	2011	False
7891	1961	1962	True
919	1965	2013	False
5612	1965	1986	False
6395	1963	1970	True
3395	1965	1999	False
9	1961	2019	False
7143	1962	1966	True
3169	1961	2001	False
5740	1965	1985	False
1268	1964	2011	False
7453	1965	1964	False
1253	1964	2012	False
19	1965	2019	False
3285	1961	2000	False
3168	1963	2001	False
2677	1965	2004	False
340	1961	2017	False
3750	1965	1997	False
4037	1963	1996	False
7527	1965	1964	False
4828	1965	1991	False
4780	1964	1991	False
5050	1965	1989	False
3247	1965	2000	False
4893	1965	1990	False
5188	1961	1989	False
3673	1961	1998	False
517	1961	2016	False
5594	1965	1986	False
453	1965	2016	False
6830	1965	1968	True
1597	1963	2010	False
4872	1964	1991	False
7610	1962	1963	True
4210	1963	1995	False
7643	1962	1963	True
822	1965	2014	False
1765	1965	2009	False
6522	1962	1969	True
4388	1963	1994	False
6014	1965	1978	False
63	1964	2019	False
2960	1961	2002	False
7332	1962	1965	True
7538	1964	1964	True
3557	1964	1999	False
2426	1965	2005	False
1826	1964	2008	False
4158	1963	1995	False
2553	1964	2004	False
6045	1960	1977	False
7770	1962	1962	True
6761	1962	1968	True
7226	1963	1965	True
3830	1964	1997	False
7927	1962	1961	False
1176	1964	2012	False
6704	1964	1968	True
3109	1961	2001	False
7032	1965	1966	True
2746	1964	2003	False
4616	1962	1992	False
5271	1965	1988	False
5758	1965	1985	False
7961	1962	1961	False
7793	1962	1962	True
3311	1961	2000	False
1376	1964	2011	False
3568	1965	1999	False
1442	1965	2010	False
1127	1963	2012	False
3927	1965	1996	False
2040	1962	2007	False
4602	1965	1992	False
3226	1965	2000	False
3919	1965	1997	False
4488	1964	1993	False
1573	1965	2010	False
4300	1961	1994	False
2312	1965	2006	False
6019	1961	1978	False
334	1965	2017	False
2090	1965	2007	False
2480	1961	2005	False
4407	1964	1993	False
3366	1964	2000	False
4379	1961	1994	False
3766	1965	1997	False
4857	1964	1991	False
6168	1965	1976	False
6219	1961	1973	False
3240	1961	2000	False
3570	1965	1999	False
1096	1965	2012	False
2759	1963	2003	False
3609	1964	1998	False
3040	1961	2002	False
4279	1965	1994	False
4280	1965	1994	False
1046	1965	2013	False
1457	1965	2010	False
2385	1965	2005	False
2568	1961	2004	False
4169	1961	1995	False
6064	1961	1977	False
6130	1964	1977	False
2451	1964	2005	False
1067	1965	2013	False
2795	1965	2003	False
7728	1965	1962	False
1556	1961	2010	False
2898	1965	2002	False
5425	1965	1987	False
2333	1961	2006	False
1780	1964	2009	False
4598	1965	1992	False
2219	1961	2006	False
8246	1962	1960	False
7673	1965	1963	False
1592	1965	2010	False
4686	1964	1992	False
5308	1964	1988	False
4123	1961	1995	False
4132	1965	1995	False
3264	1965	2000	False
2308	1960	2006	False
8075	1965	1961	False
4016	1960	1996	False
4804	1961	1991	False
1593	1960	2010	False
7380	1964	1965	True
2013	1963	2007	False
7338	1961	1965	True
5724	1962	1985	False
5211	1965	1988	False
3019	1961	2002	False
3290	1965	2000	False
4883	1964	1991	False
2927	1962	2002	False
7977	1965	1961	False
1440	1962	2010	False
3271	1964	2000	False
6504	1965	1969	True
4344	1963	1994	False
4531	1961	1993	False
7419	1964	1964	True
5385	1964	1987	False
4256	1961	1994	False
661	1961	2015	False
4639	1965	1992	False
1629	1965	2009	False
6657	1962	1969	True
1625	1961	2009	False
2170	1965	2006	False
6133	1964	1977	False
3899	1965	1997	False
1738	1965	2009	False
3212	1961	2001	False
5739	1965	1985	False
6896	1962	1967	True
2049	1965	2007	False
574	1962	2015	False
7342	1961	1965	True
5296	1964	1988	False
8198	1962	1960	False
2387	1963	2005	False
1455	1964	2010	False
1776	1965	2009	False
2058	1963	2007	False
7251	1962	1965	True
1584	1961	2010	False
6110	1964	1977	False
456	1961	2016	False
5687	1964	1985	False
4913	1960	1990	False
429	1960	2016	False
6753	1965	1968	True
2244	1961	2006	False
556	1964	2015	False
1782	1965	2009	False
7211	1962	1965	True
1985	1964	2007	False
6399	1965	1970	True
5204	1964	1988	False
3293	1964	2000	False
7948	1962	1961	False
680	1964	2015	False
5276	1965	1988	False
400	1965	2016	False
1041	1965	2013	False
1311	1960	2011	False
7544	1962	1963	True
3210	1963	2001	False
3439	1964	1999	False
2524	1965	2004	False
3898	1965	1997	False
7012	1961	1967	True
5130	1961	1989	False
5197	1965	1989	False
5874	1962	1984	False
1475	1964	2010	False
7037	1961	1966	True
1792	1964	2009	False
1265	1965	2011	False
1984	1963	2007	False
3901	1965	1997	False
2896	1963	2002	False
2776	1964	2003	False
5351	1963	1988	False
3479	1961	1999	False
4995	1965	1990	False
2225	1965	2006	False
7093	1962	1966	True
2958	1964	2002	False
6039	1965	1977	False
4636	1962	1992	False
5989	1962	1980	False
3071	1964	2001	False
1871	1962	2008	False
3938	1965	1996	False
6033	1965	1978	False
5432	1962	1987	False
997	1965	2013	False
3575	1965	1998	False
233	1965	2018	False
2184	1961	2006	False
7671	1965	1963	False
7636	1961	1963	True
1332	1965	2011	False
3526	1964	1999	False
1295	1963	2011	False
2179	1962	2006	False
1586	1965	2010	False
1547	1964	2010	False
5833	1964	1984	False
3143	1963	2001	False
1395	1965	2011	False
1375	1961	2011	False
1552	1961	2010	False
1333	1964	2011	False
8036	1961	1961	True
6080	1961	1977	False
5034	1965	1990	False
1181	1965	2012	False
2410	1965	2005	False
2721	1964	2003	False
595	1961	2015	False
7794	1962	1962	True
753	1965	2014	False
6878	1962	1967	True
2851	1964	2003	False
5380	1965	1987	False
3120	1965	2001	False
5178	1962	1989	False
6508	1962	1969	True
8145	1962	1960	False
1698	1965	2009	False
3643	1965	1998	False
1836	1964	2008	False
1143	1964	2012	False
4943	1963	1990	False
190	1965	2018	False
2991	1965	2002	False
6600	1961	1969	True
5222	1963	1988	False
4766	1964	1991	False
3631	1963	1998	False
2739	1965	2003	False
5789	1965	1985	False
7280	1962	1965	True
4705	1962	1992	False
1151	1962	2012	False
7932	1962	1961	False
384	1964	2016	False
7174	1962	1966	True
2954	1964	2002	False
5353	1961	1988	False
4137	1965	1995	False
1215	1964	2012	False
1898	1964	2008	False
2652	1964	2004	False
5061	1965	1989	False
3347	1961	2000	False
1217	1965	2012	False
3741	1965	1998	False
7832	1962	1962	True
2081	1962	2007	False
1142	1965	2012	False
5025	1962	1990	False
7117	1962	1966	True
1888	1963	2008	False
5732	1961	1985	False
4575	1965	1992	False
5668	1961	1985	False
5838	1965	1984	False
6073	1965	1977	False
2101	1961	2007	False
4791	1961	1991	False
7165	1962	1966	True
5551	1965	1986	False
7425	1964	1964	True
2595	1962	2004	False
1744	1965	2009	False
1112	1964	2012	False
1458	1965	2010	False
984	1961	2013	False
912	1965	2014	False
2114	1965	2007	False
133	1965	2019	False
3153	1964	2001	False
5069	1961	1989	False
4025	1961	1996	False
1419	1961	2011	False
1153	1961	2012	False
3294	1964	2000	False
3826	1965	1997	False
981	1965	2013	False
1386	1961	2011	False
5829	1965	1984	False
5854	1962	1984	False
1093	1961	2012	False
3176	1961	2001	False
3971	1965	1996	False
1225	1961	2012	False
4499	1965	1993	False
5809	1961	1985	False
1875	1963	2008	False
6584	1965	1969	True
1894	1965	2008	False
2158	1961	2006	False
871	1965	2014	False
1576	1961	2010	False
1470	1963	2010	False
199	1964	2018	False
1048	1964	2013	False
6563	1965	1969	True
1833	1961	2008	False
7138	1965	1966	True
943	1963	2013	False
3812	1964	1997	False
1643	1965	2009	False
6854	1964	1967	True
6697	1962	1968	True
2281	1965	2006	False
408	1963	2016	False
5867	1965	1984	False
6290	1965	1972	True
4347	1964	1994	False
624	1961	2015	False
159	1961	2018	False
6473	1961	1970	True
1602	1964	2010	False
7298	1965	1965	True
1859	1965	2008	False
8179	1962	1960	False
956	1965	2013	False
1610	1960	2010	False
4089	1965	1996	False
2106	1961	2007	False
1379	1965	2011	False
1079	1964	2013	False
2714	1963	2003	False
1061	1965	2013	False
2196	1965	2006	False
6977	1965	1967	True
2465	1963	2005	False
5254	1961	1988	False
1094	1965	2012	False
1429	1961	2011	False
3603	1964	1998	False
1234	1965	2012	False
2967	1964	2002	False
4847	1965	1991	False
1553	1963	2010	False
1971	1961	2008	False
3152	1964	2001	False
6828	1962	1968	True
600	1961	2015	False
6779	1962	1968	True
742	1965	2014	False
7706	1962	1963	True
7055	1965	1966	True
2154	1961	2006	False
7774	1965	1962	False
2238	1961	2006	False
2975	1965	2002	False
4384	1964	1994	False
6614	1962	1969	True
1274	1964	2011	False
4524	1961	1993	False
3102	1965	2001	False
2412	1965	2005	False
4483	1965	1993	False
2045	1961	2007	False
4334	1965	1994	False
3174	1965	2001	False
821	1965	2014	False
576	1965	2015	False
1719	1965	2009	False
1134	1965	2012	False
7540	1961	1963	True
3150	1964	2001	False
6884	1962	1967	True
5373	1964	1987	False
160	1964	2018	False
2076	1965	2007	False
2505	1960	2005	False
4820	1964	1991	False
1671	1964	2009	False
4090	1963	1996	False
621	1965	2015	False
7889	1962	1962	True
2274	1964	2006	False
3828	1964	1997	False
655	1965	2015	False
2156	1965	2006	False
1882	1963	2008	False
1589	1965	2010	False
2514	1964	2004	False
2640	1964	2004	False
3410	1964	1999	False
1211	1962	2012	False
4558	1965	1992	False
2357	1965	2005	False
3197	1962	2001	False
6352	1963	1970	True
3454	1965	1999	False
5165	1961	1989	False
6048	1961	1977	False
6351	1965	1970	True
1574	1965	2010	False
1539	1964	2010	False
6419	1965	1970	True
376	1965	2017	False
2284	1965	2006	False
761	1961	2014	False
4066	1964	1996	False
1207	1965	2012	False
6213	1960	1975	False
936	1965	2013	False
3807	1965	1997	False
2181	1962	2006	False
5824	1961	1984	False
3093	1965	2001	False
6212	1964	1975	False
3553	1963	1999	False
4354	1965	1994	False
1287	1964	2011	False
1462	1961	2010	False
1805	1961	2008	False
8021	1962	1961	False
2078	1965	2007	False
5213	1961	1988	False
6516	1962	1969	True
297	1965	2017	False
7310	1965	1965	True
2695	1961	2003	False
1409	1965	2011	False
3408	1965	1999	False
6546	1962	1969	True
7559	1962	1963	True
7564	1962	1963	True
668	1965	2015	False
5654	1964	1986	False
5478	1960	1987	False
806	1965	2014	False
1240	1963	2012	False
3500	1963	1999	False
2823	1962	2003	False
1006	1963	2013	False
3999	1965	1996	False
5518	1965	1986	False
5681	1964	1985	False
5929	1965	1982	False
88	1965	2019	False
4502	1961	1993	False
5075	1964	1989	False
1787	1964	2009	False
3382	1964	2000	False
6902	1962	1967	True
4445	1964	1993	False
2844	1961	2003	False
4693	1965	1992	False
3331	1964	2000	False
2455	1963	2005	False
2036	1961	2007	False
2059	1965	2007	False
5327	1964	1988	False
5545	1961	1986	False
3913	1964	1997	False
41	1964	2019	False
843	1965	2014	False
4714	1965	1992	False
868	1965	2014	False
392	1965	2016	False
4187	1961	1995	False
2075	1961	2007	False
510	1965	2016	False
2311	1961	2006	False
3972	1965	1996	False
165	1963	2018	False
977	1965	2013	False
1923	1965	2008	False
6114	1964	1977	False
5514	1965	1987	False
2125	1965	2007	False
1916	1963	2008	False
3419	1965	1999	False
1321	1964	2011	False
1621	1965	2009	False
3014	1965	2002	False
7979	1962	1961	False
1966	1964	2008	False
5713	1961	1985	False
4178	1965	1995	False
6585	1965	1969	True
5963	1965	1981	False
930	1961	2013	False
3358	1964	2000	False
636	1961	2015	False
861	1965	2014	False
4782	1965	1991	False
4397	1963	1994	False
5598	1964	1986	False
2	1965	2019	False
1520	1962	2010	False
2578	1965	2004	False
6939	1964	1967	True
4936	1961	1990	False
4141	1963	1995	False
7090	1961	1966	True
6870	1961	1967	True
781	1965	2014	False
656	1963	2015	False
1224	1963	2012	False
6338	1961	1970	True
2214	1964	2006	False
4743	1961	1991	False
6952	1962	1967	True
8047	1962	1961	False
6084	1965	1977	False
6982	1965	1967	True
1626	1961	2009	False
307	1965	2017	False
5065	1961	1989	False
7248	1962	1965	True
5412	1964	1987	False
374	1965	2017	False
8222	1962	1960	False
6031	1961	1978	False
443	1963	2016	False
7617	1962	1963	True
807	1964	2014	False
932	1965	2013	False
7106	1962	1966	True
1123	1965	2012	False
590	1965	2015	False
7129	1962	1966	True
4408	1964	1993	False
7941	1962	1961	False
1503	1964	2010	False
1496	1965	2010	False
7994	1962	1961	False
2102	1964	2007	False
1523	1965	2010	False
1005	1965	2013	False
6295	1965	1971	True
1648	1965	2009	False
864	1964	2014	False
6660	1962	1969	True
3890	1961	1997	False
933	1965	2013	False
2599	1964	2004	False
8059	1963	1961	False
7177	1965	1966	True
1368	1965	2011	False
3986	1961	1996	False
6471	1962	1970	True
5370	1964	1987	False
3931	1964	1996	False
5501	1965	1987	False
5512	1964	1987	False
1480	1961	2010	False
749	1965	2014	False
5780	1963	1985	False
7486	1965	1964	False
4805	1964	1991	False
7500	1960	1964	True
5435	1964	1987	False
6361	1965	1970	True
7388	1965	1964	False
369	1964	2017	False
1760	1965	2009	False
7439	1963	1964	True
7215	1962	1965	True
1977	1963	2007	False
2584	1962	2004	False
1618	1965	2009	False
5610	1965	1986	False
6708	1962	1968	True
2392	1965	2005	False
2631	1965	2004	False
1735	1965	2009	False
4151	1965	1995	False
2432	1963	2005	False
220	1964	2018	False
2026	1962	2007	False
39	1964	2019	False
3303	1965	2000	False
3726	1965	1998	False
6414	1963	1970	True
4444	1965	1993	False
1436	1965	2011	False
2532	1965	2004	False
240	1960	2018	False
1438	1960	2011	False
6118	1961	1977	False
1179	1964	2012	False
5660	1961	1986	False
1066	1962	2013	False
2452	1965	2005	False
939	1965	2013	False
6010	1965	1978	False
7477	1965	1964	False
1452	1964	2010	False
3190	1965	2001	False
8094	1962	1960	False
3308	1964	2000	False
6243	1965	1973	True
5890	1961	1983	False
6892	1961	1967	True
996	1965	2013	False
282	1965	2018	False
6772	1962	1968	True
2864	1965	2003	False
4724	1961	1991	False
1111	1965	2012	False
4051	1961	1996	False
416	1964	2016	False
1459	1961	2010	False
2485	1964	2005	False
2762	1961	2003	False
176	1961	2018	False
4464	1965	1993	False
6437	1964	1970	True
6848	1962	1967	True
5904	1964	1983	False
8074	1962	1961	False
4227	1961	1995	False
5033	1965	1990	False
1914	1964	2008	False
8142	1963	1960	False
7556	1962	1963	True
7771	1965	1962	False
2816	1965	2003	False
3471	1963	1999	False
2006	1961	2007	False
876	1965	2014	False
3007	1961	2002	False
321	1964	2017	False
3979	1964	1996	False
3283	1964	2000	False
2305	1961	2006	False
2340	1965	2005	False
1781	1965	2009	False
435	1961	2016	False
754	1965	2014	False
7575	1961	1963	True
2113	1965	2007	False
2422	1964	2005	False
4626	1961	1992	False
4671	1963	1992	False
6998	1962	1967	True
5146	1965	1989	False
3582	1961	1998	False
6636	1965	1969	True
1778	1962	2009	False
148	1965	2018	False
2407	1965	2005	False
322	1965	2017	False
1051	1965	2013	False
7408	1961	1964	True
4679	1963	1992	False
5436	1964	1987	False
582	1964	2015	False
3350	1964	2000	False
439	1965	2016	False
2030	1965	2007	False
2546	1964	2004	False
3101	1964	2001	False
2232	1962	2006	False
6860	1961	1967	True
4884	1964	1990	False
6722	1964	1968	True
2734	1965	2003	False
2698	1961	2003	False
1641	1965	2009	False
5117	1965	1989	False
1357	1962	2011	False
611	1961	2015	False
3835	1961	1997	False
4548	1964	1993	False
966	1965	2013	False
6796	1965	1968	True
5975	1962	1981	False
1284	1965	2011	False
7758	1962	1962	True
4987	1965	1990	False
916	1964	2013	False
7040	1962	1966	True
4922	1961	1990	False
2157	1961	2006	False
5773	1965	1985	False
1928	1962	2008	False
1932	1965	2008	False
4620	1963	1992	False
5554	1963	1986	False
8079	1962	1960	False
2328	1965	2006	False
3748	1965	1997	False
951	1965	2013	False
2860	1961	2003	False
3418	1965	1999	False
4668	1965	1992	False
2000	1961	2007	False
5306	1960	1988	False
172	1961	2018	False
6368	1961	1970	True
6603	1962	1969	True
2717	1961	2003	False
2371	1964	2005	False
4145	1965	1995	False
1298	1961	2011	False
5315	1963	1988	False
2449	1964	2005	False
3426	1965	1999	False
5893	1965	1983	False
508	1961	2016	False
6823	1964	1968	True
7365	1965	1965	True
6405	1962	1970	True
898	1965	2014	False
4889	1965	1990	False
1884	1964	2008	False
2138	1961	2007	False
3330	1963	2000	False
4691	1961	1992	False
3617	1965	1998	False
2732	1961	2003	False
1173	1961	2012	False
1991	1962	2007	False
6388	1961	1970	True
1659	1965	2009	False
4377	1964	1994	False
1170	1961	2012	False
1609	1965	2010	False
5482	1964	1987	False
229	1965	2018	False
1649	1964	2009	False
348	1964	2017	False
1138	1961	2012	False
3013	1965	2002	False
5342	1964	1988	False
6188	1960	1976	False
7073	1965	1966	True
1278	1965	2011	False
7946	1962	1961	False
3005	1964	2002	False
4205	1964	1995	False
6152	1964	1976	False
2450	1965	2005	False
2543	1964	2004	False
5806	1962	1985	False
5523	1962	1986	False
4758	1961	1991	False
4879	1965	1991	False
6464	1961	1970	True
8111	1962	1960	False
5751	1964	1985	False
4688	1964	1992	False
1612	1965	2010	False
2885	1965	2002	False
5079	1965	1989	False
5408	1965	1987	False
2775	1964	2003	False
1707	1963	2009	False
492	1965	2016	False
1390	1960	2011	False
6812	1964	1968	True
1425	1961	2011	False
3376	1961	2000	False
3145	1964	2001	False
1564	1961	2010	False
747	1961	2014	False
7515	1965	1964	False
6145	1965	1976	False
1868	1961	2008	False
5937	1965	1982	False
3870	1965	1997	False
49	1965	2019	False
4589	1964	1992	False
7751	1962	1962	True
5126	1965	1989	False
8186	1962	1960	False
4336	1964	1994	False
5486	1961	1987	False
1814	1962	2008	False
1402	1965	2011	False
1533	1964	2010	False
7398	1961	1964	True
4655	1965	1992	False
2644	1964	2004	False
1808	1964	2008	False
620	1963	2015	False
6532	1962	1969	True
4120	1965	1995	False
8153	1962	1960	False
1456	1964	2010	False
501	1965	2016	False
7704	1962	1963	True
1802	1965	2008	False
4333	1965	1994	False
6724	1962	1968	True
4618	1964	1992	False
3060	1961	2001	False
1424	1965	2011	False
4222	1961	1995	False
3175	1964	2001	False
341	1961	2017	False
3680	1961	1998	False
6436	1964	1970	True
4520	1964	1993	False
2204	1965	2006	False
4539	1965	1993	False
857	1965	2014	False
2681	1965	2004	False
7191	1965	1966	True
934	1964	2013	False
5454	1963	1987	False
550	1965	2016	False
4790	1965	1991	False
3851	1965	1997	False
6801	1962	1968	True
773	1965	2014	False
5912	1962	1983	False
7483	1965	1964	False
8126	1962	1960	False
3993	1964	1996	False
5964	1965	1981	False
1374	1963	2011	False
3041	1965	2002	False
4553	1965	1992	False
642	1963	2015	False
1233	1964	2012	False
1855	1965	2008	False
1305	1965	2011	False
7516	1965	1964	False
709	1961	2015	False
2074	1961	2007	False
6906	1962	1967	True
5313	1961	1988	False
4430	1961	1993	False
2254	1963	2006	False
5401	1963	1987	False
7503	1965	1964	False
2255	1963	2006	False
1675	1964	2009	False
7944	1962	1961	False
1919	1965	2008	False
3082	1965	2001	False
674	1964	2015	False
2521	1965	2004	False
3561	1964	1999	False
1878	1964	2008	False
5969	1965	1981	False
1036	1964	2013	False
4273	1962	1994	False
5636	1965	1986	False
1996	1961	2007	False
4060	1961	1996	False
1252	1961	2012	False
2892	1964	2002	False
5536	1962	1986	False
5255	1965	1988	False
4245	1963	1995	False
6785	1962	1968	True
827	1965	2014	False
1249	1965	2012	False
2215	1961	2006	False
7	1965	2019	False
6553	1962	1969	True
2830	1965	2003	False
5520	1961	1986	False
5585	1965	1986	False
8217	1962	1960	False
583	1965	2015	False
6965	1961	1967	True
6099	1965	1977	False
698	1964	2015	False
6749	1961	1968	True
1748	1964	2009	False
295	1965	2017	False
4225	1965	1995	False
6786	1962	1968	True
5726	1961	1985	False
3548	1963	1999	False
2972	1965	2002	False
5494	1961	1987	False
1699	1965	2009	False
8130	1965	1960	False
6747	1963	1968	True
5881	1961	1983	False
7873	1962	1962	True
109	1965	2019	False
151	1960	2018	False
1358	1964	2011	False
1385	1961	2011	False
1246	1964	2012	False
3232	1964	2000	False
6328	1964	1970	True
6314	1961	1971	True
4840	1963	1991	False
7745	1962	1962	True
723	1965	2015	False
5579	1965	1986	False
6565	1965	1969	True
631	1964	2015	False
7225	1962	1965	True
7063	1965	1966	True
4192	1962	1995	False
7317	1962	1965	True
4491	1961	1993	False
5004	1965	1990	False
7550	1962	1963	True
1924	1961	2008	False
1624	1961	2009	False
4323	1964	1994	False
3660	1964	1998	False
5292	1964	1988	False
2186	1965	2006	False
5398	1965	1987	False
3797	1961	1997	False
7492	1965	1964	False
913	1965	2013	False
647	1963	2015	False
98	1965	2019	False
2705	1965	2003	False
5239	1965	1988	False
4949	1965	1990	False
1248	1965	2012	False
4860	1965	1991	False
6435	1964	1970	True
1103	1963	2012	False
7250	1965	1965	True
618	1965	2015	False
2235	1965	2006	False
3554	1965	1999	False
2012	1961	2007	False
1869	1965	2008	False
1873	1960	2008	False
6181	1962	1976	False
4124	1965	1995	False
2097	1963	2007	False
4181	1961	1995	False
2145	1961	2007	False
5139	1960	1989	False
1004	1960	2013	False
2199	1964	2006	False
4678	1960	1992	False
8184	1962	1960	False
1135	1964	2012	False
6858	1961	1967	True
206	1965	2018	False
5087	1961	1989	False
381	1960	2016	False
1037	1964	2013	False
3444	1964	1999	False
5802	1965	1985	False
3502	1961	1999	False
7144	1962	1966	True
1338	1964	2011	False
7682	1961	1963	True
2437	1964	2005	False
3698	1965	1998	False
7800	1962	1962	True
6301	1964	1971	True
6029	1961	1978	False
2077	1965	2007	False
5850	1965	1984	False
497	1961	2016	False
3012	1964	2002	False
3686	1964	1998	False
3648	1961	1998	False
5245	1961	1988	False
1367	1965	2011	False
3840	1965	1997	False
8095	1962	1960	False
1356	1964	2011	False
2349	1964	2005	False
6261	1963	1973	True
7909	1962	1961	False
134	1961	2019	False
6945	1962	1967	True
6933	1962	1967	True
7031	1962	1966	True
5330	1964	1988	False
6469	1965	1970	True
4747	1963	1991	False
2259	1964	2006	False
6619	1962	1969	True
3917	1965	1997	False
7988	1962	1961	False
2062	1961	2007	False
1314	1965	2011	False
7169	1962	1966	True
7003	1962	1967	True
5979	1962	1980	False
4715	1960	1992	False
6376	1961	1970	True
2096	1965	2007	False
3534	1962	1999	False
1607	1962	2010	False
3538	1965	1999	False
2665	1965	2004	False
2250	1963	2006	False
1900	1965	2008	False
2018	1964	2007	False
2474	1964	2005	False
2288	1961	2006	False
6412	1961	1970	True
6968	1962	1967	True
2137	1964	2007	False
4976	1960	1990	False
6718	1965	1968	True
3488	1963	1999	False
1261	1964	2011	False
4509	1965	1993	False
965	1965	2013	False
7608	1965	1963	False
7504	1961	1964	True
3658	1961	1998	False
812	1961	2014	False
3139	1965	2001	False
6201	1961	1975	False
1205	1963	2012	False
2615	1963	2004	False
1124	1965	2012	False
4403	1963	1994	False
1174	1963	2012	False
762	1965	2014	False
3951	1965	1996	False
2324	1961	2006	False
2748	1962	2003	False
7282	1962	1965	True
3745	1965	1998	False
6907	1962	1967	True
2499	1961	2005	False
4254	1964	1994	False
5160	1963	1989	False
1383	1965	2011	False
3469	1964	1999	False
6955	1965	1967	True
8040	1964	1961	False
6825	1963	1968	True
1943	1963	2008	False
6142	1962	1976	False
545	1963	2016	False
6975	1965	1967	True
212	1963	2018	False
4854	1964	1991	False
6339	1960	1970	True
2047	1965	2007	False
2146	1961	2007	False
1159	1964	2012	False
4842	1962	1991	False
1180	1965	2012	False
1531	1963	2010	False
1858	1965	2008	False
74	1963	2019	False
7327	1962	1965	True
1835	1961	2008	False
454	1961	2016	False
2223	1964	2006	False
7374	1962	1965	True
2903	1965	2002	False
3588	1965	1998	False
4718	1965	1991	False
5394	1960	1987	False
4009	1964	1996	False
1628	1965	2009	False
626	1961	2015	False
1515	1965	2010	False
650	1961	2015	False
2064	1963	2007	False
3280	1964	2000	False
2279	1961	2006	False
5421	1964	1987	False
7123	1965	1966	True
2016	1961	2007	False
2787	1964	2003	False
3074	1964	2001	False
70	1961	2019	False
6097	1961	1977	False
5465	1961	1987	False
6632	1962	1969	True
2190	1965	2006	False
1611	1965	2010	False
1904	1965	2008	False
2840	1965	2003	False
1126	1965	2012	False
5174	1962	1989	False
5776	1964	1985	False
1672	1960	2009	False
4170	1965	1995	False
1299	1960	2011	False
969	1965	2013	False
3206	1963	2001	False
799	1965	2014	False
7460	1965	1964	False
5722	1961	1985	False
3516	1965	1999	False
2278	1965	2006	False
4113	1965	1995	False
6732	1962	1968	True
6752	1962	1968	True
346	1964	2017	False
6317	1965	1971	True
5623	1961	1986	False
2479	1963	2005	False
3584	1965	1998	False
1392	1965	2011	False
4112	1961	1995	False
5714	1965	1985	False
1446	1961	2010	False
4423	1965	1993	False
6694	1962	1968	True
5627	1965	1986	False
1733	1961	2009	False
3355	1965	2000	False
2870	1964	2002	False
6490	1962	1969	True
1140	1965	2012	False
2985	1965	2002	False
6228	1961	1973	False
440	1963	2016	False
3249	1964	2000	False
2011	1965	2007	False
700	1963	2015	False
920	1964	2013	False
513	1964	2016	False
116	1963	2019	False
5703	1965	1985	False
7200	1962	1966	True
4195	1963	1995	False
3712	1965	1998	False
1721	1961	2009	False
3189	1964	2001	False
7522	1961	1964	True
542	1964	2016	False
841	1964	2014	False
7742	1962	1962	True
7825	1965	1962	False
37	1963	2019	False
2329	1963	2006	False
2149	1965	2007	False
6253	1961	1973	False
2132	1964	2007	False
4286	1964	1994	False
5944	1961	1982	False
5818	1961	1985	False
3613	1964	1998	False
1239	1965	2012	False
283	1965	2018	False
5156	1965	1989	False
77	1964	2019	False
3520	1963	1999	False
6650	1961	1969	True
7488	1965	1964	False
1340	1964	2011	False
1227	1963	2012	False
1959	1962	2008	False
3929	1965	1996	False
4994	1965	1990	False
7931	1962	1961	False
3735	1961	1998	False
7651	1962	1963	True
5803	1963	1985	False
641	1965	2015	False
6040	1961	1977	False
946	1965	2013	False
2008	1965	2007	False
4741	1964	1991	False
4075	1961	1996	False
1242	1965	2012	False
1614	1961	2010	False
6222	1963	1973	True
1484	1965	2010	False
268	1965	2018	False
3489	1964	1999	False
4472	1964	1993	False
7194	1962	1966	True
3719	1965	1998	False
4424	1963	1993	False
2276	1963	2006	False
1188	1961	2012	False
560	1961	2015	False
3853	1961	1997	False
6797	1962	1968	True
7009	1962	1967	True
3669	1965	1998	False
5415	1965	1987	False
4249	1964	1995	False
5503	1961	1987	False
2579	1961	2004	False
3046	1965	2001	False
850	1965	2014	False
7119	1965	1966	True
1603	1964	2010	False
1507	1963	2010	False
5281	1965	1988	False
1790	1961	2009	False
1909	1961	2008	False
5691	1963	1985	False
3279	1965	2000	False
5201	1963	1988	False
5544	1964	1986	False
3451	1964	1999	False
7135	1962	1966	True
4546	1965	1993	False
6296	1963	1971	True
8108	1962	1960	False
718	1965	2015	False
1864	1965	2008	False
914	1964	2013	False
5621	1961	1986	False
1501	1965	2010	False
4196	1965	1995	False
2554	1961	2004	False
247	1965	2018	False
2598	1965	2004	False
3298	1965	2000	False
6686	1963	1968	True
5475	1965	1987	False
2216	1965	2006	False
948	1960	2013	False
7295	1962	1965	True
5993	1961	1980	False
2527	1965	2004	False
1489	1965	2010	False
5756	1961	1985	False
968	1965	2013	False
5240	1961	1988	False
2381	1965	2005	False
2243	1965	2006	False
2970	1965	2002	False
6342	1963	1970	True
4517	1965	1993	False
1137	1965	2012	False
6108	1963	1977	False
4452	1964	1993	False
7894	1961	1962	True
174	1961	2018	False
4031	1965	1996	False
2658	1964	2004	False
4475	1961	1993	False
667	1965	2015	False
1316	1961	2011	False
1139	1961	2012	False
1623	1965	2009	False
1166	1963	2012	False
5089	1965	1989	False
3381	1961	2000	False
3063	1964	2001	False
5689	1965	1985	False
7524	1963	1964	True
1346	1965	2011	False
4083	1964	1996	False
5253	1965	1988	False
3127	1965	2001	False
8206	1962	1960	False
2809	1961	2003	False
351	1961	2017	False
7178	1965	1966	True
289	1965	2017	False
1970	1965	2008	False
4745	1964	1991	False
8158	1965	1960	False
6316	1961	1971	True
1992	1963	2007	False
7099	1961	1966	True
2627	1965	2004	False
2702	1965	2003	False
1468	1964	2010	False
5444	1961	1987	False
3586	1964	1998	False
3136	1965	2001	False
7809	1965	1962	False
7236	1962	1965	True
1125	1964	2012	False
3963	1964	1996	False
1433	1964	2011	False
2359	1965	2005	False
8251	1962	1960	False
6271	1961	1973	False
6289	1964	1972	True
613	1965	2015	False
6059	1960	1977	False
5231	1963	1988	False
7238	1962	1965	True
1605	1965	2010	False
1280	1965	2011	False
7050	1962	1966	True
4919	1961	1990	False
304	1963	2017	False
7455	1964	1964	True
7874	1960	1962	True
2056	1965	2007	False
4371	1961	1994	False
3392	1964	2000	False
2919	1961	2002	False
6248	1963	1973	True
1596	1961	2010	False
390	1965	2016	False
2924	1964	2002	False
957	1964	2013	False
7925	1962	1961	False
5973	1961	1981	False
5434	1963	1987	False
5597	1963	1986	False
1828	1965	2008	False
1366	1963	2011	False
6520	1962	1969	True
3098	1963	2001	False
1213	1965	2012	False
4806	1964	1991	False
1185	1964	2012	False
607	1960	2015	False
1362	1961	2011	False
5965	1965	1981	False
1723	1964	2009	False
1255	1965	2012	False
3030	1964	2002	False
2408	1962	2005	False
60	1964	2019	False
5535	1961	1986	False
59	1961	2019	False
2353	1965	2005	False
3009	1964	2002	False
5920	1964	1983	False
4357	1963	1994	False
7740	1962	1962	True
1637	1964	2009	False
3484	1964	1999	False
2318	1961	2006	False
7471	1963	1964	True
5019	1964	1990	False
2118	1965	2007	False
6460	1963	1970	True
6332	1965	1970	True
175	1965	2018	False
3072	1965	2001	False
1734	1961	2009	False
3794	1964	1997	False
2873	1965	2002	False
8016	1961	1961	True
311	1965	2017	False
1319	1964	2011	False
2207	1964	2006	False
2923	1965	2002	False
259	1965	2018	False
5329	1965	1988	False
4304	1965	1994	False
4102	1965	1995	False
1165	1964	2012	False
6985	1965	1967	True
7901	1962	1961	False
2261	1965	2006	False
959	1964	2013	False
5642	1961	1986	False
7572	1962	1963	True
2897	1964	2002	False
591	1964	2015	False
7881	1962	1962	True
4727	1961	1991	False
3365	1965	2000	False
1210	1961	2012	False
2950	1962	2002	False
7684	1962	1963	True
5312	1965	1988	False
2253	1965	2006	False
2266	1961	2006	False
375	1961	2017	False
4017	1963	1996	False
1842	1961	2008	False
2937	1965	2002	False
2989	1965	2002	False
3541	1964	1999	False
7094	1965	1966	True
4650	1964	1992	False
474	1964	2016	False
5214	1965	1988	False
7803	1961	1962	True
888	1965	2014	False
3371	1965	2000	False
4446	1961	1993	False
5553	1965	1986	False
2517	1965	2004	False
6113	1961	1977	False
3305	1961	2000	False
315	1963	2017	False
1572	1964	2010	False
2435	1965	2005	False
3765	1961	1997	False
7707	1965	1963	False
7926	1965	1961	False
4265	1961	1994	False
2286	1961	2006	False
4905	1961	1990	False
7964	1962	1961	False
5506	1964	1987	False
7277	1962	1965	True
1538	1963	2010	False
8200	1962	1960	False
3974	1965	1996	False
2699	1965	2003	False
5564	1965	1986	False
118	1964	2019	False
7323	1962	1965	True
6173	1965	1976	False
2019	1964	2007	False
6880	1962	1967	True
3234	1964	2000	False
144	1965	2018	False
1789	1965	2009	False
2643	1965	2004	False
5583	1965	1986	False
1608	1964	2010	False
5113	1961	1989	False
3594	1965	1998	False
2316	1964	2006	False
331	1965	2017	False
1122	1965	2012	False
1000	1961	2013	False
1472	1964	2010	False
8220	1962	1960	False
7472	1960	1964	True
4832	1963	1991	False
1821	1964	2008	False
7860	1962	1962	True
5886	1965	1983	False
2051	1965	2007	False
5099	1964	1989	False
3513	1964	1999	False
5570	1963	1986	False
3123	1964	2001	False
7108	1962	1966	True
1449	1961	2010	False
2348	1965	2005	False
2496	1961	2005	False
4993	1964	1990	False
5158	1961	1989	False
6322	1964	1970	True
5345	1965	1988	False
1467	1962	2010	False
2780	1965	2003	False
1400	1960	2011	False
1057	1965	2013	False
2540	1965	2004	False
3798	1965	1997	False
57	1965	2019	False
4465	1964	1993	False
2486	1965	2005	False
6091	1962	1977	False
3475	1964	1999	False
4453	1963	1993	False
5011	1964	1990	False
3059	1961	2001	False
8227	1962	1960	False
3779	1965	1997	False
1293	1965	2011	False
4603	1964	1992	False
5613	1962	1986	False
3383	1965	2000	False
1525	1965	2010	False
4042	1964	1996	False
3632	1961	1998	False
4973	1962	1990	False
1300	1965	2011	False
6002	1965	1980	False
643	1965	2015	False
716	1965	2015	False
7645	1962	1963	True
3433	1965	1999	False
7729	1962	1962	True
2406	1963	2005	False
8019	1965	1961	False
1811	1965	2008	False
1511	1961	2010	False
2841	1961	2003	False
6347	1962	1970	True
1184	1963	2012	False
4931	1964	1990	False
2302	1961	2006	False
1929	1961	2008	False
4638	1965	1992	False
6586	1965	1969	True
4289	1965	1994	False
1728	1965	2009	False
6442	1965	1970	True
2291	1965	2006	False
7239	1962	1965	True
1530	1964	2010	False
4769	1965	1991	False
7313	1962	1965	True
5670	1965	1985	False
5097	1961	1989	False
1514	1965	2010	False
7267	1963	1965	True
1469	1965	2010	False
6274	1965	1973	True
5279	1964	1988	False
2772	1965	2003	False
2331	1961	2006	False
6455	1964	1970	True
2609	1964	2004	False
3409	1963	1999	False
6679	1962	1968	True
3429	1961	1999	False
4373	1962	1994	False
2073	1960	2007	False
3955	1963	1996	False
2997	1964	2002	False
362	1964	2017	False
1226	1963	2012	False
7845	1962	1962	True
1192	1963	2012	False
8226	1962	1960	False
6929	1962	1967	True
7822	1962	1962	True
4783	1965	1991	False
3223	1964	2000	False
2194	1961	2006	False
7350	1962	1965	True
1152	1965	2012	False
1104	1963	2012	False
7216	1965	1965	True
7059	1962	1966	True
4216	1965	1995	False
5666	1963	1985	False
258	1965	2018	False
3087	1961	2001	False
5054	1964	1989	False
4492	1965	1993	False
1831	1962	2008	False
5055	1963	1989	False
896	1964	2014	False
4535	1961	1993	False
6921	1965	1967	True
1690	1964	2009	False
1432	1964	2011	False
7856	1962	1962	True
1508	1963	2010	False
8235	1962	1960	False
7625	1962	1963	True
8084	1963	1960	False
1309	1961	2011	False
2563	1965	2004	False
7275	1962	1965	True
2902	1965	2002	False
1129	1965	2012	False
5864	1965	1984	False
4627	1964	1992	False
430	1965	2016	False
6491	1965	1969	True
7635	1962	1963	True
3706	1965	1998	False
3441	1965	1999	False
7436	1965	1964	False
929	1965	2013	False
3317	1965	2000	False
7021	1962	1966	True
3257	1965	2000	False
7170	1962	1966	True
1460	1965	2010	False
7437	1961	1964	True
171	1960	2018	False
4752	1963	1991	False
2628	1964	2004	False
2797	1961	2003	False
6642	1961	1969	True
7784	1965	1962	False
3977	1961	1996	False
1598	1965	2010	False
5030	1960	1990	False
3940	1965	1996	False
638	1961	2015	False
4559	1965	1992	False
2726	1963	2003	False
1271	1961	2011	False
6216	1964	1975	False
5915	1964	1983	False
1930	1965	2008	False
2538	1964	2004	False
5851	1965	1984	False
1708	1960	2009	False
3685	1961	1998	False
903	1964	2014	False
7613	1962	1963	True
3425	1964	1999	False
4763	1965	1991	False
8031	1965	1961	False
1656	1961	2009	False
217	1964	2018	False
917	1965	2013	False
336	1964	2017	False
6164	1965	1976	False
4951	1965	1990	False
568	1964	2015	False
764	1965	2014	False
8167	1961	1960	False
5777	1965	1985	False
4283	1962	1994	False
5093	1965	1989	False
3997	1965	1996	False
1785	1965	2009	False
2887	1961	2002	False
2874	1963	2002	False
5896	1962	1983	False
1796	1965	2008	False
3721	1965	1998	False
3888	1960	1997	False
769	1965	2014	False
2294	1963	2006	False
8192	1964	1960	False
1202	1961	2012	False
4643	1965	1992	False
3192	1964	2001	False
2672	1964	2004	False
5081	1965	1989	False
500	1961	2016	False
99	1961	2019	False
4172	1963	1995	False
5375	1965	1987	False
1535	1965	2010	False
4899	1964	1990	False
577	1964	2015	False
7154	1964	1966	True
3785	1964	1997	False
1461	1964	2010	False
8174	1962	1960	False
1950	1963	2008	False
4356	1961	1994	False
6500	1962	1969	True
1327	1965	2011	False
3348	1965	2000	False
2034	1961	2007	False
3054	1961	2001	False
4073	1964	1996	False
2368	1963	2005	False
4094	1965	1995	False
3254	1965	2000	False
6535	1962	1969	True
4058	1965	1996	False
5470	1961	1987	False
3556	1964	1999	False
894	1964	2014	False
1499	1965	2010	False
6767	1962	1968	True
1797	1965	2008	False
7017	1962	1967	True
6631	1961	1969	True
5111	1965	1989	False
1117	1965	2012	False
1197	1965	2012	False
2488	1963	2005	False
2456	1965	2005	False
2645	1964	2004	False
4647	1964	1992	False
736	1965	2014	False
6550	1962	1969	True
5753	1961	1985	False
5571	1964	1986	False
2085	1964	2007	False
1809	1961	2008	False
6239	1965	1973	True
1973	1965	2008	False
104	1961	2019	False
5765	1965	1985	False
830	1965	2014	False
5132	1961	1989	False
472	1965	2016	False
1590	1964	2010	False
3056	1964	2001	False
1258	1961	2012	False
755	1965	2014	False
1732	1961	2009	False
1200	1961	2012	False
1417	1961	2011	False
6204	1963	1975	False
6450	1962	1970	True
486	1965	2016	False
6381	1964	1970	True
5013	1960	1990	False
6783	1963	1968	True
2182	1965	2006	False
3935	1965	1996	False
2375	1964	2005	False
5737	1965	1985	False
3880	1961	1997	False
6199	1965	1975	True
7967	1962	1961	False
5451	1965	1987	False
3845	1963	1997	False
8008	1962	1961	False
3116	1964	2001	False
1694	1961	2009	False
5639	1963	1986	False
1199	1965	2012	False
8253	1962	1960	False
4516	1961	1993	False
7652	1965	1963	False
5193	1964	1989	False
7261	1964	1965	True
2409	1964	2005	False
2881	1964	2002	False
15	1965	2019	False
7840	1962	1962	True
1230	1963	2012	False
1595	1964	2010	False
7690	1962	1963	True
7700	1962	1963	True
7843	1962	1962	True
195	1963	2018	False
7590	1962	1963	True
2791	1964	2003	False
6996	1962	1967	True
7393	1965	1964	False
3487	1964	1999	False
188	1965	2018	False
7078	1962	1966	True
942	1963	2013	False
1076	1964	2013	False
6249	1965	1973	True
708	1963	2015	False
386	1965	2016	False
4698	1964	1992	False
379	1964	2016	False
17	1961	2019	False
1324	1964	2011	False
536	1965	2016	False
5677	1965	1985	False
1228	1965	2012	False
4572	1963	1992	False
3274	1964	2000	False
4237	1964	1995	False
786	1965	2014	False
1527	1965	2010	False
1148	1964	2012	False
828	1965	2014	False
954	1963	2013	False
2493	1961	2005	False
6276	1965	1973	True
371	1965	2017	False
949	1961	2013	False
688	1965	2015	False
1342	1963	2011	False
2332	1963	2006	False
4105	1965	1995	False
2794	1964	2003	False
3468	1965	1999	False
1220	1965	2012	False
2612	1964	2004	False
6750	1962	1968	True
2378	1964	2005	False
277	1963	2018	False
7583	1965	1963	False
6625	1961	1969	True
1241	1965	2012	False
2587	1961	2004	False
1133	1961	2012	False
1769	1965	2009	False
2210	1960	2006	False
44	1961	2019	False
7428	1960	1964	True
7811	1962	1962	True
5356	1964	1988	False
1145	1961	2012	False
7703	1962	1963	True
1893	1961	2008	False
5040	1961	1990	False
7621	1962	1963	True
3782	1964	1997	False
2915	1963	2002	False
1689	1965	2009	False
2560	1965	2004	False
531	1963	2016	False
1486	1961	2010	False
3171	1961	2001	False
6081	1965	1977	False
1911	1964	2008	False
2663	1965	2004	False
6177	1961	1976	False
6595	1965	1969	True
4813	1963	1991	False
7068	1965	1966	True
2733	1964	2003	False
2015	1961	2007	False
922	1961	2013	False
7908	1964	1961	False
6390	1962	1970	True
1724	1963	2009	False
2159	1964	2006	False
4965	1964	1990	False
2268	1965	2006	False
1169	1965	2012	False
3422	1965	1999	False
4649	1963	1992	False
5819	1965	1984	False
6670	1964	1968	True
926	1965	2013	False
4510	1965	1993	False
3696	1965	1998	False
893	1961	2014	False
3049	1961	2001	False
6493	1962	1969	True
2618	1965	2004	False
2909	1964	2002	False
1545	1963	2010	False
1660	1964	2009	False
2283	1964	2006	False
2403	1962	2005	False
6140	1962	1976	False
1931	1964	2008	False
5847	1965	1984	False
7416	1965	1964	False
6845	1962	1967	True
6594	1965	1969	True
7352	1963	1965	True
2503	1964	2005	False
6369	1963	1970	True
4817	1963	1991	False
2123	1965	2007	False
2940	1961	2002	False
8052	1964	1961	False
1301	1965	2011	False
5348	1965	1988	False
6836	1962	1968	True
180	1965	2018	False
3263	1964	2000	False
3713	1964	1998	False
927	1964	2013	False
8071	1962	1961	False
4326	1965	1994	False
4635	1965	1992	False
4582	1963	1992	False
222	1965	2018	False
4882	1964	1991	False
3621	1965	1998	False
6667	1962	1968	True
3531	1965	1999	False
8109	1962	1960	False
1668	1962	2009	False
2191	1965	2006	False
5461	1965	1987	False
599	1965	2015	False
5786	1965	1985	False
55	1961	2019	False
1478	1963	2010	False
6919	1963	1967	True
8127	1965	1960	False
426	1964	2016	False
1359	1965	2011	False
7688	1965	1963	False
6714	1962	1968	True
7974	1962	1961	False
4773	1960	1991	False
3876	1965	1997	False
5147	1965	1989	False
5928	1965	1982	False
2249	1960	2006	False
7448	1965	1964	False
1364	1963	2011	False
2133	1963	2007	False
3871	1965	1997	False
7830	1962	1962	True
2675	1961	2004	False
417	1961	2016	False
1328	1961	2011	False
1291	1965	2011	False
608	1965	2015	False
4251	1960	1994	False
3763	1960	1997	False
5952	1965	1982	False
7212	1962	1965	True
4471	1965	1993	False
1335	1964	2011	False
1090	1964	2013	False
4606	1963	1992	False
2192	1961	2006	False
2756	1963	2003	False
3187	1965	2001	False
5135	1965	1989	False
7763	1962	1962	True
4223	1964	1995	False
6608	1962	1969	True
5948	1962	1982	False
5814	1961	1985	False
2662	1965	2004	False
4307	1961	1994	False
1345	1965	2011	False
1393	1961	2011	False
4534	1965	1993	False
1563	1964	2010	False
8138	1962	1960	False
1967	1965	2008	False
7353	1962	1965	True
7462	1965	1964	False
3179	1961	2001	False
5119	1963	1989	False
1867	1964	2008	False
532	1965	2016	False
7397	1964	1964	True
677	1965	2015	False
6282	1963	1972	True
2957	1965	2002	False
1754	1962	2009	False
4939	1965	1990	False
4269	1964	1994	False
5888	1961	1983	False
5410	1965	1987	False
4415	1961	1993	False
1635	1965	2009	False
7589	1965	1963	False
491	1965	2016	False
5249	1964	1988	False
7417	1965	1964	False
3524	1965	1999	False
1541	1964	2010	False
4295	1965	1994	False
7366	1962	1965	True
2043	1963	2007	False
1175	1964	2012	False
6380	1961	1970	True
6427	1964	1970	True
1546	1964	2010	False
6102	1965	1977	False
6681	1962	1968	True
511	1965	2016	False
1800	1965	2008	False
4621	1962	1992	False
5901	1961	1983	False
1510	1961	2010	False
4030	1961	1996	False
3651	1964	1998	False
5699	1963	1985	False
4868	1965	1991	False
